        GLOBAL Land-Ocean Temperature Index in 0.01 degrees Celsius   base period: 1951-1980

                    sources:  GHCN-v4 1880-07/2020 + SST: ERSST v5 1880-07/2020
                    using elimination of outliers and homogeneity adjustment
                    Notes: 1950 DJF = Dec 1949 - Feb 1950 ;  ***** = missing

Divide by 100 to get changes in degrees Celsius (deg-C).
Multiply that result by 1.8(=9/5) to get changes in degrees Fahrenheit (deg-F).

Example      --      Table Value :      40
                          change :    0.40 deg-C  or  0.72 deg-F

                                                                     AnnMean
Year   Jan  Feb  Mar  Apr  May  Jun  Jul  Aug  Sep  Oct  Nov  Dec    J-D D-N    DJF  MAM  JJA  SON  Year
1880   -17  -23   -8  -15   -8  -20  -17   -9  -13  -22  -21  -17    -16 ***   ****  -10  -15  -19  1880
1881   -19  -13    4    6    7  -17    2   -2  -14  -20  -17   -5     -7  -8    -16    6   -6  -17  1881
1882    18   15    6  -15  -13  -22  -15   -6  -14  -23  -15  -35    -10  -7      9   -8  -14  -17  1882
1883   -28  -36  -12  -17  -16   -7   -5  -13  -20  -11  -22  -11    -16 -18    -33  -15   -8  -18  1883
1884   -13   -8  -36  -40  -34  -34  -32  -27  -27  -24  -32  -30    -28 -26    -10  -36  -31  -28  1884
1885   -58  -32  -25  -41  -44  -43  -33  -30  -27  -22  -23   -9    -32 -34    -40  -37  -35  -24  1885
1886   -43  -50  -42  -27  -23  -34  -17  -30  -23  -27  -26  -24    -30 -29    -34  -31  -27  -25  1886
1887   -71  -56  -34  -33  -29  -23  -25  -34  -25  -34  -25  -32    -35 -34    -50  -32  -27  -28  1887
1888   -33  -35  -41  -19  -21  -17  -10  -15  -11    2    4   -3    -17 -19    -33  -27  -14   -2  1888
1889    -7   18    6   10    0   -9   -7  -20  -23  -25  -33  -28    -10  -8      2    5  -12  -27  1889
1890   -41  -44  -39  -29  -38  -24  -27  -38  -36  -24  -42  -30    -34 -34    -37  -35  -30  -34  1890
1891   -33  -46  -18  -27  -16  -20  -17  -17  -15  -21  -31   -4    -22 -24    -37  -20  -18  -22  1891
1892   -28  -10  -40  -33  -23  -22  -31  -27  -16  -14  -41  -37    -27 -24    -14  -32  -27  -24  1892
1893   -80  -56  -22  -27  -33  -25  -13  -24  -22  -18  -18  -31    -31 -31    -58  -27  -21  -19  1893
1894   -52  -28  -22  -44  -30  -40  -23  -23  -27  -23  -25  -20    -30 -31    -37  -32  -29  -25  1894
1895   -40  -42  -32  -21  -26  -20  -16  -16  -12  -10  -16  -13    -22 -23    -34  -26  -17  -13  1895
1896   -21  -12  -26  -30  -15  -10   -2   -5   -7    7   -4   -4    -11 -12    -16  -24   -6   -1  1896
1897   -15  -17  -13   -2   -1  -11   -2   -9   -8  -12  -17  -19    -10  -9    -12   -5   -7  -12  1897
1898    -1  -28  -50  -30  -29  -18  -21  -25  -21  -34  -38  -23    -26 -26    -16  -36  -21  -31  1898
1899   -16  -38  -36  -20  -22  -31  -15   -8   -5   -4   13  -25    -17 -17    -25  -26  -18    1  1899
1900   -35   -5    1   -8   -8   -9  -12   -8   -5   10   -6   -6     -8  -9    -21   -5  -10    0  1900
1901   -21  -11    6   -2  -15  -12  -14  -20  -22  -28  -17  -27    -15 -14    -13   -3  -15  -23  1901
1902   -17   -7  -28  -28  -32  -29  -28  -30  -29  -28  -35  -41    -28 -27    -17  -29  -29  -31  1902
1903   -23   -5  -22  -41  -39  -42  -35  -45  -50  -48  -42  -50    -37 -36    -23  -34  -41  -47  1903
1904   -63  -57  -48  -50  -51  -48  -50  -48  -55  -38  -17  -32    -46 -48    -57  -50  -49  -37  1904
1905   -34  -58  -21  -33  -29  -28  -26  -20  -19  -24   -6  -12    -26 -28    -42  -28  -25  -16  1905
1906   -28  -29  -18   -4  -25  -20  -22  -19  -28  -20  -37  -14    -22 -22    -23  -16  -21  -28  1906
1907   -42  -51  -26  -36  -46  -41  -34  -33  -34  -22  -46  -46    -38 -36    -36  -36  -36  -34  1907
1908   -44  -33  -55  -44  -37  -38  -35  -46  -35  -43  -51  -49    -42 -42    -41  -45  -39  -43  1908
1909   -72  -45  -54  -58  -54  -51  -45  -33  -39  -39  -31  -56    -48 -47    -55  -55  -43  -36  1909
1910   -41  -40  -50  -42  -34  -38  -34  -36  -38  -40  -54  -67    -43 -42    -46  -42  -36  -44  1910
1911   -62  -57  -61  -53  -51  -50  -41  -43  -40  -26  -21  -21    -44 -48    -62  -55  -44  -29  1911
1912   -25  -13  -37  -17  -21  -22  -42  -54  -58  -57  -38  -43    -35 -34    -20  -25  -39  -51  1912
1913   -40  -44  -42  -38  -43  -45  -36  -33  -35  -31  -19   -1    -34 -37    -42  -41  -38  -28  1913
1914     4   -9  -23  -29  -21  -25  -23  -16  -17   -3  -15   -4    -15 -15     -2  -24  -22  -12  1914
1915   -20   -4  -10    7   -6  -21  -12  -22  -20  -24  -12  -21    -14 -12     -9   -3  -18  -19  1915
1916   -12  -14  -28  -30  -34  -49  -37  -28  -36  -33  -46  -82    -36 -31    -16  -30  -38  -38  1916
1917   -57  -63  -63  -54  -54  -43  -25  -23  -22  -44  -33  -67    -46 -47    -67  -57  -30  -33  1917
1918   -47  -34  -25  -43  -42  -36  -31  -31  -17   -6  -11  -29    -29 -32    -49  -37  -32  -11  1918
1919   -20  -24  -21  -12  -28  -36  -29  -33  -25  -20  -41  -42    -27 -26    -24  -20  -33  -29  1919
1920   -24  -26  -12  -24  -26  -35  -30  -27  -22  -26  -26  -46    -27 -27    -31  -21  -31  -25  1920
1921    -5  -17  -23  -29  -30  -27  -14  -26  -19   -3  -13  -17    -19 -21    -23  -27  -22  -12  1921
1922   -33  -45  -15  -23  -33  -31  -27  -33  -36  -33  -15  -19    -28 -28    -32  -24  -30  -28  1922
1923   -28  -39  -34  -40  -33  -29  -31  -33  -31  -14   -2   -4    -26 -28    -28  -36  -31  -16  1923
1924   -23  -24   -8  -31  -18  -26  -29  -36  -32  -35  -21  -43    -27 -24    -17  -19  -30  -30  1924
1925   -39  -40  -28  -25  -29  -32  -27  -20  -20  -17    5    6    -22 -26    -41  -27  -26  -11  1925
1926    21    3   11  -12  -23  -26  -27  -13  -14  -11   -6  -29    -11  -8     10   -8  -22  -10  1926
1927   -27  -18  -39  -30  -25  -27  -19  -24  -13   -1   -6  -33    -22 -21    -25  -31  -23   -6  1927
1928    -2   -9  -25  -28  -30  -39  -19  -22  -21  -19   -9  -16    -20 -21    -14  -28  -27  -17  1928
1929   -45  -58  -33  -41  -38  -44  -37  -32  -25  -14  -11  -54    -36 -33    -40  -37  -38  -17  1929
1930   -30  -27  -11  -25  -24  -22  -21  -15  -16  -12   18   -5    -16 -20    -37  -20  -19   -3  1930
1931   -11  -21  -11  -23  -19   -8   -4   -4   -7    5   -5   -6     -9  -9    -12  -18   -5   -3  1931
1932    15  -17  -18   -6  -17  -29  -25  -22  -11   -9  -27  -26    -16 -14     -3  -14  -25  -16  1932
1933   -23  -29  -30  -24  -29  -34  -21  -24  -29  -25  -31  -44    -29 -27    -26  -28  -26  -28  1933
1934   -21   -3  -29  -31   -9  -15  -11  -12  -15   -7    3   -2    -13 -16    -23  -23  -13   -6  1934
1935   -33   14  -15  -37  -29  -27  -22  -22  -22   -6  -26  -17    -20 -19     -7  -27  -24  -18  1935
1936   -28  -38  -21  -20  -16  -22  -10  -13   -9   -3    1   -1    -15 -16    -28  -19  -15   -4  1936
1937    -7    3  -21  -16   -5   -5   -4    2    9    9    8   -7     -3  -2     -2  -14   -2    9  1937
1938     8    3    9    6   -9  -17   -9   -5    0   15    8  -13      0   0      1    2  -11    7  1938
1939    -5   -6  -18  -10   -4   -7   -6   -6   -7   -4    7   43     -2  -7     -8  -11   -6   -1  1939
1940     0    8    9   18   11   11   12    7   15   11   16   32     13  14     17   13   10   14  1940
1941    18   31   10   16   17   13   22   15    2   35   22   22     19  19     27   14   17   20  1941
1942    29    3    5   10   11    5    0   -4   -3    1   10   13      7   7     18    9    1    3  1942
1943    -1   17   -4   11    7   -5    8    1    5   23   20   23      9   8     10    5    1   16  1943
1944    36   24   26   19   18   15   17   18   27   26   11    4     20  22     28   21   17   22  1944
1945    10    0    6   19    6    0    3   26   20   18    7   -7      9  10      5   10   10   15  1945
1946    15    2    1    5   -7  -21  -12  -20   -8   -8   -5  -31     -7  -5      4    0  -18   -7  1946
1947    -7   -8    6    6   -2   -2   -4   -7  -12    7    3  -13     -3  -4    -15    3   -4   -1  1947
1948     7  -15  -25  -12   -1   -5  -11  -12  -14   -5  -12  -24    -11 -10     -7  -12   -9  -11  1948
1949     7  -14   -2  -11  -10  -27  -13  -12  -15   -6  -10  -18    -11 -12    -10   -8  -18  -10  1949
1950   -26  -27   -8  -21  -11   -5   -9  -16  -12  -20  -34  -21    -17 -17    -24  -13  -10  -22  1950
1951   -34  -41  -20  -14    0   -7   -1    6    5    8   -1   16     -7 -10    -32  -12   -1    4  1951
1952    11   11   -8    3   -3   -3    4    5    7    0  -13   -2      1   2     13   -3    2   -2  1952
1953     7   15   11   19   11   11    1    5    4    8   -3    5      8   7      7   14    6    3  1953
1954   -24  -10  -15  -14  -20  -19  -19  -17  -10   -2    8  -18    -13 -11    -10  -16  -18   -1  1954
1955    13  -16  -32  -22  -20  -14  -11    2  -11   -5  -25  -28    -14 -13     -7  -25   -8  -14  1955
1956   -13  -24  -21  -28  -29  -16   -9  -26  -19  -23  -15   -6    -19 -21    -22  -26  -17  -19  1956
1957    -9   -3   -5    0    9   15    2   15    8    1    7   15      5   3     -6    1   11    6  1957
1958    39   22    8    1    6   -9    5   -5   -2    4    2    1      6   7     25    5   -3    1  1958
1959     8    7   18   15    4    3    3   -1   -6   -7   -8   -1      3   3      5   12    2   -7  1959
1960     0   13  -35  -15   -8   -4   -4    2    7    5  -12   18     -3  -4      4  -19   -2    0  1960
1961     7   19    9   13   12   11    1    1    9    0    3  -16      6   9     15   11    4    4  1961
1962     5   14   10    5   -6    3    2   -1    0    1    6   -3      3   2      1    3    1    2  1962
1963    -3   18  -14   -7   -6    5    6   22   18   14   15   -3      5   5      4   -9   11   16  1963
1964    -9  -10  -22  -32  -25   -4   -4  -22  -29  -32  -21  -30    -20 -18     -8  -26  -10  -27  1964
1965    -8  -17  -13  -19  -12   -8  -13   -4  -15   -5   -6   -8    -11 -13    -18  -15   -9   -9  1965
1966   -19   -4    4  -13  -12    1    9   -9   -3  -16   -1   -2     -6  -6    -10   -7    0   -7  1966
1967    -7  -21    5   -5   12   -8    2    1   -6    9   -5   -5     -2  -2    -10    4   -2   -1  1967
1968   -26  -14   20   -6  -14   -9  -13   -9  -19    9   -5  -15     -8  -7    -15    0  -10   -5  1968
1969   -11  -18    1   17   18    4   -4    4    9   10   12   24      5   2    -14   12    1   10  1969
1970     8   22    6    5   -4   -2    1  -10   12    3    2  -12      3   6     18    3   -4    6  1970
1971    -2  -15  -18   -7   -5  -17   -8   -1   -6   -4   -7   -8     -8  -8    -10  -10   -8   -6  1971
1972   -22  -18    2    0   -3    4    1   16    2    8    2   18      1  -1    -16    0    7    4  1972
1973    29   33   29   27   23   19   13    5    9   10    5   -7     16  18     27   26   12    8  1973
1974   -10  -27   -5  -11   -4   -5   -3   11   -8   -5   -7   -8     -7  -7    -14   -7    1   -7  1974
1975    10    8   13    4   16   -1   -1  -17   -2  -11  -17  -17     -1  -1      3   11   -6  -10  1975
1976    -3   -6  -21   -7  -20  -12  -10  -12   -6  -24   -5   11    -10 -12     -8  -16  -11  -12  1976
1977    18   23   25   27   33   27   20   18    2    3   16    3     18  19     17   28   22    7  1977
1978     6   10   19   17    9   -1    4  -13    6    3   14    8      7   7      7   15   -3    8  1978
1979     8  -10   19   15    4   14    4   17   25   26   29   48     17  13      2   13   11   27  1979
1980    30   40   30   30   35   21   22   19   21   13   30   22     26  28     39   32   20   21  1980
1981    53   43   48   32   25   29   32   35   15   12   23   41     32  31     39   35   32   17  1981
1982     5   16    3   15   18    6   14    4   14   13   18   42     14  14     21   12    8   15  1982
1983    53   43   42   28   34   23   18   35   37   17   30   17     31  33     46   34   25   28  1983
1984    31   14   26    6   33    2   19   19   21   14    7   -4     16  17     21   22   14   14  1984
1985    22   -4   18   12   15   15    4   17   13   12    5   14     12  10      5   15   12   10  1985
1986    26   37   30   22   21   12   11   16    3   16   10   13     18  18     26   25   13   10  1986
1987    32   43   19   25   26   35   40   25   35   33   29   46     32  29     29   23   33   32  1987
1988    57   45   52   43   44   40   33   39   37   38   12   29     39  40     49   46   37   29  1988
1989    12   30   36   29   17   17   34   33   35   29   20   37     27  27     24   27   28   28  1989
1990    42   44   80   56   46   38   46   34   23   45   47   41     45  45     41   61   39   38  1990
1991    43   50   35   51   35   53   47   39   44   29   30   32     41  41     45   40   46   34  1991
1992    48   41   48   27   31   26    8    8    0    6    3   21     22  23     40   36   14    3  1992
1993    35   37   36   28   29   23   25   11   12   23    4   18     23  24     31   31   20   13  1993
1994    26    3   29   42   28   44   31   22   32   42   45   38     32  30     16   33   32   40  1994
1995    52   80   47   47   27   44   45   46   34   48   44   26     45  46     57   40   45   42  1995
1996    24   46   33   32   28   26   37   48   25   20   39   37     33  32     32   31   37   28  1996
1997    30   41   52   34   34   54   34   42   53   61   64   59     47  45     36   40   44   59  1997
1998    59   88   63   63   68   77   66   66   42   42   43   56     61  61     69   65   70   42  1998
1999    49   64   33   32   27   37   38   32   39   35   38   42     39  40     56   30   36   37  1999
2000    25   56   56   56   36   40   39   42   40   28   31   29     40  41     41   49   41   33  2000
2001    46   44   56   51   58   52   59   50   52   51   73   56     54  52     40   55   54   59  2001
2002    78   79   88   58   64   53   61   53   64   55   59   44     63  64     71   70   56   59  2002
2003    76   58   60   55   61   48   59   65   63   74   53   76     62  60     59   59   57   63  2003
2004    59   73   64   62   38   44   27   47   51   61   73   51     54  56     69   54   39   62  2004
2005    75   60   75   68   63   65   62   62   72   75   74   69     68  67     62   69   63   74  2005
2006    56   73   63   49   50   66   55   71   65   70   74   79     64  63     66   54   64   70  2006
2007   103   71   73   77   70   62   61   60   60   59   59   50     67  70     84   73   61   59  2007
2008    31   38   75   54   49   50   60   48   61   67   69   55     55  54     40   59   53   66  2008
2009    65   53   55   61   65   65   71   68   73   65   82   68     66  65     58   60   68   73  2009
2010    76   84   93   85   75   68   63   68   64   71   82   45     73  75     76   84   66   72  2010
2011    52   48   65   65   53   62   71   75   58   67   59   60     61  60     49   61   69   61  2011
2012    49   50   58   72   79   65   58   64   72   79   79   53     65  65     53   70   62   77  2012
2013    71   63   68   55   61   70   61   70   77   70   84   70     68  67     62   61   67   77  2013
2014    76   55   79   81   87   68   58   82   87   81   66   79     75  74     67   82   69   78  2014
2015    85   90   96   76   80   81   74   81   85  109  106  116     90  87     85   84   79  100  2015
2016   118  137  135  112   96   81   85  102   91   89   91   86    102 104    123  115   89   90  2016
2017   102  114  117   95   92   73   82   87   78   91   88   94     93  92    101  101   81   86  2017
2018    82   85   90   90   83   79   83   76   80  102   83   92     86  86     87   88   79   88  2018
2019    93   96  118  102   86   93   95   95   93  102  100  110     99  97     94  102   94   98  2019
2020   117  125  118  114  103   92   89 **** **** **** **** ****   **** ***    118  112 **** ****  2020